 x = [
   0.200000D+00  -0.500000D+00
   0.199947D+00  -0.497545D+00
   0.199789D+00  -0.495090D+00
   0.199526D+00  -0.492632D+00
   0.199157D+00  -0.490172D+00
   0.198683D+00  -0.487707D+00
   0.198104D+00  -0.485237D+00
   0.197420D+00  -0.482761D+00
   0.196631D+00  -0.480278D+00
   0.195737D+00  -0.477787D+00
   0.194739D+00  -0.475287D+00
   0.193637D+00  -0.472777D+00
   0.192431D+00  -0.470256D+00
   0.191121D+00  -0.467722D+00
   0.189708D+00  -0.465176D+00
   0.188192D+00  -0.462615D+00
   0.186573D+00  -0.460040D+00
   0.184852D+00  -0.457448D+00
   0.183028D+00  -0.454840D+00
   0.181104D+00  -0.452214D+00
   0.179078D+00  -0.449568D+00
   0.176952D+00  -0.446903D+00
   0.174725D+00  -0.444218D+00
   0.172399D+00  -0.441510D+00
   0.169974D+00  -0.438781D+00
   0.167451D+00  -0.436027D+00
   0.164829D+00  -0.433250D+00
   0.162111D+00  -0.430447D+00
   0.159295D+00  -0.427618D+00
   0.156383D+00  -0.424762D+00
   0.153377D+00  -0.421878D+00
   0.150275D+00  -0.418966D+00
   0.147079D+00  -0.416024D+00
   0.143790D+00  -0.413052D+00
   0.140409D+00  -0.410048D+00
   0.136936D+00  -0.407013D+00
   0.133371D+00  -0.403945D+00
   0.129717D+00  -0.400844D+00
   0.125973D+00  -0.397708D+00
   0.122141D+00  -0.394538D+00
   0.118221D+00  -0.391332D+00
   0.114215D+00  -0.388089D+00
   0.110123D+00  -0.384810D+00
   0.105945D+00  -0.381492D+00
   0.101684D+00  -0.378137D+00
   0.973399D-01  -0.374742D+00
   0.929137D-01  -0.371308D+00
   0.884064D-01  -0.367833D+00
   0.838190D-01  -0.364317D+00
   0.791526D-01  -0.360760D+00
   0.744082D-01  -0.357161D+00
   0.695870D-01  -0.353520D+00
   0.646898D-01  -0.349835D+00
   0.597179D-01  -0.346107D+00
   0.546723D-01  -0.342335D+00
   0.495542D-01  -0.338518D+00
   0.443646D-01  -0.334656D+00
   0.391048D-01  -0.330749D+00
   0.337758D-01  -0.326795D+00
   0.283788D-01  -0.322796D+00
   0.229151D-01  -0.318750D+00
   0.173857D-01  -0.314657D+00
   0.117920D-01  -0.310516D+00
   0.613508D-02  -0.306328D+00
   0.416219D-03  -0.302092D+00
  -0.536336D-02  -0.297808D+00
  -0.112024D-01  -0.293476D+00
  -0.170997D-01  -0.289094D+00
  -0.230539D-01  -0.284664D+00
  -0.290638D-01  -0.280185D+00
  -0.351281D-01  -0.275657D+00
  -0.412455D-01  -0.271079D+00
  -0.474147D-01  -0.266451D+00
  -0.536344D-01  -0.261774D+00
  -0.599033D-01  -0.257047D+00
  -0.662200D-01  -0.252271D+00
  -0.725833D-01  -0.247444D+00
  -0.789918D-01  -0.242568D+00
  -0.854442D-01  -0.237642D+00
  -0.919392D-01  -0.232666D+00
  -0.984753D-01  -0.227640D+00
  -0.105051D+00  -0.222565D+00
  -0.111666D+00  -0.217440D+00
  -0.118317D+00  -0.212265D+00
  -0.125005D+00  -0.207042D+00
  -0.131727D+00  -0.201769D+00
  -0.138481D+00  -0.196447D+00
  -0.145268D+00  -0.191076D+00
  -0.152085D+00  -0.185656D+00
  -0.158931D+00  -0.180189D+00
  -0.165804D+00  -0.174673D+00
  -0.172704D+00  -0.169109D+00
  -0.179629D+00  -0.163498D+00
  -0.186577D+00  -0.157840D+00
  -0.193547D+00  -0.152135D+00
  -0.200538D+00  -0.146384D+00
  -0.207548D+00  -0.140587D+00
  -0.214577D+00  -0.134744D+00
  -0.221622D+00  -0.128856D+00
  -0.228683D+00  -0.122924D+00
  -0.235758D+00  -0.116947D+00
  -0.242845D+00  -0.110927D+00
  -0.249944D+00  -0.104863D+00
  -0.257053D+00  -0.987574D-01
  -0.264170D+00  -0.926095D-01
  -0.271295D+00  -0.864202D-01
  -0.278427D+00  -0.801902D-01
  -0.285562D+00  -0.739200D-01
  -0.292702D+00  -0.676104D-01
  -0.299843D+00  -0.612619D-01
  -0.306986D+00  -0.548754D-01
  -0.314128D+00  -0.484515D-01
  -0.321269D+00  -0.419910D-01
  -0.328407D+00  -0.354946D-01
  -0.335540D+00  -0.289630D-01
  -0.342669D+00  -0.223972D-01
  -0.349791D+00  -0.157979D-01
  -0.356905D+00  -0.916588D-02
  -0.364010D+00  -0.250208D-02
  -0.371105D+00   0.419266D-02
  -0.378189D+00   0.109174D-01
  -0.385260D+00   0.176714D-01
  -0.392318D+00   0.244536D-01
  -0.399360D+00   0.312630D-01
  -0.406387D+00   0.380988D-01
  -0.413397D+00   0.449599D-01
  -0.420389D+00   0.518454D-01
  -0.427362D+00   0.587542D-01
  -0.434315D+00   0.656854D-01
  -0.441246D+00   0.726379D-01
  -0.448155D+00   0.796106D-01
  -0.455040D+00   0.866025D-01
  -0.461901D+00   0.936125D-01
  -0.468737D+00   0.100640D+00
  -0.475546D+00   0.107682D+00
  -0.482329D+00   0.114740D+00
  -0.489083D+00   0.121811D+00
  -0.495807D+00   0.128895D+00
  -0.502502D+00   0.135990D+00
  -0.509166D+00   0.143095D+00
  -0.515798D+00   0.150209D+00
  -0.522397D+00   0.157331D+00
  -0.528963D+00   0.164460D+00
  -0.535495D+00   0.171593D+00
  -0.541991D+00   0.178731D+00
  -0.548452D+00   0.185872D+00
  -0.554875D+00   0.193014D+00
  -0.561262D+00   0.200157D+00
  -0.567610D+00   0.207298D+00
  -0.573920D+00   0.214438D+00
  -0.580190D+00   0.221573D+00
  -0.586420D+00   0.228705D+00
  -0.592610D+00   0.235830D+00
  -0.598757D+00   0.242947D+00
  -0.604863D+00   0.250056D+00
  -0.610927D+00   0.257155D+00
  -0.616947D+00   0.264242D+00
  -0.622924D+00   0.271317D+00
  -0.628856D+00   0.278378D+00
  -0.634744D+00   0.285423D+00
  -0.640587D+00   0.292452D+00
  -0.646384D+00   0.299462D+00
  -0.652135D+00   0.306453D+00
  -0.657840D+00   0.313423D+00
  -0.663498D+00   0.320371D+00
  -0.669109D+00   0.327296D+00
  -0.674673D+00   0.334196D+00
  -0.680189D+00   0.341069D+00
  -0.685656D+00   0.347915D+00
  -0.691076D+00   0.354732D+00
  -0.696447D+00   0.361519D+00
  -0.701769D+00   0.368273D+00
  -0.707042D+00   0.374995D+00
  -0.712265D+00   0.381683D+00
  -0.717440D+00   0.388334D+00
  -0.722565D+00   0.394949D+00
  -0.727640D+00   0.401525D+00
  -0.732666D+00   0.408061D+00
  -0.737642D+00   0.414556D+00
  -0.742568D+00   0.421008D+00
  -0.747444D+00   0.427417D+00
  -0.752271D+00   0.433780D+00
  -0.757047D+00   0.440097D+00
  -0.761774D+00   0.446366D+00
  -0.766451D+00   0.452585D+00
  -0.771079D+00   0.458755D+00
  -0.775657D+00   0.464872D+00
  -0.780185D+00   0.470936D+00
  -0.784664D+00   0.476946D+00
  -0.789094D+00   0.482900D+00
  -0.793476D+00   0.488798D+00
  -0.797808D+00   0.494637D+00
  -0.802092D+00   0.500416D+00
  -0.806328D+00   0.506135D+00
  -0.810516D+00   0.511792D+00
  -0.814657D+00   0.517386D+00
  -0.818750D+00   0.522915D+00
  -0.822796D+00   0.528379D+00
  -0.826795D+00   0.533776D+00
  -0.830749D+00   0.539105D+00
  -0.834656D+00   0.544365D+00
  -0.838518D+00   0.549554D+00
  -0.842335D+00   0.554672D+00
  -0.846107D+00   0.559718D+00
  -0.849835D+00   0.564690D+00
  -0.853520D+00   0.569587D+00
  -0.857161D+00   0.574408D+00
  -0.860760D+00   0.579153D+00
  -0.864317D+00   0.583819D+00
  -0.867833D+00   0.588406D+00
  -0.871308D+00   0.592914D+00
  -0.874742D+00   0.597340D+00
  -0.878137D+00   0.601684D+00
  -0.881492D+00   0.605945D+00
  -0.884810D+00   0.610123D+00
  -0.888089D+00   0.614215D+00
  -0.891332D+00   0.618221D+00
  -0.894538D+00   0.622141D+00
  -0.897708D+00   0.625973D+00
  -0.900844D+00   0.629717D+00
  -0.903945D+00   0.633371D+00
  -0.907013D+00   0.636936D+00
  -0.910048D+00   0.640409D+00
  -0.913052D+00   0.643790D+00
  -0.916024D+00   0.647079D+00
  -0.918966D+00   0.650275D+00
  -0.921878D+00   0.653377D+00
  -0.924762D+00   0.656383D+00
  -0.927618D+00   0.659295D+00
  -0.930447D+00   0.662111D+00
  -0.933250D+00   0.664829D+00
  -0.936027D+00   0.667451D+00
  -0.938781D+00   0.669974D+00
  -0.941510D+00   0.672399D+00
  -0.944218D+00   0.674725D+00
  -0.946903D+00   0.676952D+00
  -0.949568D+00   0.679078D+00
  -0.952214D+00   0.681104D+00
  -0.954840D+00   0.683028D+00
  -0.957448D+00   0.684852D+00
  -0.960040D+00   0.686573D+00
  -0.962615D+00   0.688192D+00
  -0.965176D+00   0.689708D+00
  -0.967722D+00   0.691121D+00
  -0.970256D+00   0.692431D+00
  -0.972777D+00   0.693637D+00
  -0.975287D+00   0.694739D+00
  -0.977787D+00   0.695737D+00
  -0.980278D+00   0.696631D+00
  -0.982761D+00   0.697420D+00
  -0.985237D+00   0.698104D+00
  -0.987707D+00   0.698683D+00
  -0.990172D+00   0.699157D+00
  -0.992632D+00   0.699526D+00
  -0.995090D+00   0.699789D+00
  -0.997545D+00   0.699947D+00
  -0.100000D+01   0.700000D+00
